Instance: CL_1_50_1.vbp
Runs: 5
Average bins: 15.0
Average time: 37.00s

Run 1: bins=15, time=37.47s
Solution: 0 0 0 0 0 1 1 1 1 1 2 1 2 2 2 3 3 3 3 4 4 4 4 5 5 5 6 6 6 7 7 7 8 8 8 9 9 9 10 10 10 11 11 11 12 12 13 13 14 14

Run 2: bins=15, time=36.98s
Solution: 0 0 0 0 0 1 1 1 1 1 2 1 2 2 2 3 3 3 3 4 4 4 4 5 5 5 6 6 6 7 7 7 8 8 8 9 9 9 10 10 10 11 11 11 12 12 13 13 14 14

Run 3: bins=15, time=36.89s
Solution: 0 0 0 0 0 1 1 1 1 1 2 1 2 2 2 3 3 3 3 4 4 4 4 5 5 5 6 6 6 7 7 7 8 8 8 9 9 9 10 10 10 11 11 11 12 12 13 13 14 14

Run 4: bins=15, time=36.83s
Solution: 0 0 0 0 0 1 1 1 1 1 2 1 2 2 2 3 3 3 3 4 4 4 4 5 5 5 6 6 6 7 7 7 8 8 8 9 9 9 10 10 10 11 11 11 12 12 13 13 14 14

Run 5: bins=15, time=36.86s
Solution: 0 0 0 0 0 1 1 1 1 1 2 1 2 2 2 3 3 3 3 4 4 4 4 5 5 5 6 6 6 7 7 7 8 8 8 9 9 9 10 10 10 11 11 11 12 12 13 13 14 14

