Instance: CL_1_50_2.vbp
Runs: 5
Average bins: 16.0
Average time: 37.87s

Run 1: bins=16, time=37.77s
Solution: 0 0 0 1 0 1 1 2 2 0 2 3 3 3 4 1 4 4 5 2 5 5 6 6 7 7 7 6 8 8 8 9 9 3 9 10 10 10 11 11 11 12 12 12 4 13 13 14 14 15

Run 2: bins=16, time=37.89s
Solution: 0 0 0 1 0 1 1 2 2 0 2 3 3 3 4 1 4 4 5 2 5 5 6 6 7 7 7 6 8 8 8 9 9 3 9 10 10 10 11 11 11 12 12 12 4 13 13 14 14 15

Run 3: bins=16, time=37.83s
Solution: 0 0 0 1 0 1 1 2 2 0 2 3 3 3 4 1 4 4 5 2 5 5 6 6 7 7 7 6 8 8 8 9 9 3 9 10 10 10 11 11 11 12 12 12 4 13 13 14 14 15

Run 4: bins=16, time=38.01s
Solution: 0 0 0 1 0 1 1 2 2 0 2 3 3 3 4 1 4 4 5 2 5 5 6 6 7 7 7 6 8 8 8 9 9 3 9 10 10 10 11 11 11 12 12 12 4 13 13 14 14 15

Run 5: bins=16, time=37.82s
Solution: 0 0 0 1 0 1 1 2 2 0 2 3 3 3 4 1 4 4 5 2 5 5 6 6 7 7 7 6 8 8 8 9 9 3 9 10 10 10 11 11 11 12 12 12 4 13 13 14 14 15

