Instance: CL_1_50_6.vbp
Runs: 5
Average bins: 16.0
Average time: 37.91s

Run 1: bins=16, time=37.80s
Solution: 0 0 0 1 0 1 1 2 2 0 2 2 3 3 3 1 4 4 4 5 5 5 6 6 7 7 5 6 8 7 8 8 9 9 9 10 10 10 11 11 11 12 12 12 13 13 14 14 15 15

Run 2: bins=16, time=37.73s
Solution: 0 0 0 1 0 1 1 2 2 0 2 2 3 3 3 1 4 4 4 5 5 5 6 6 7 7 5 6 8 7 8 8 9 9 9 10 10 10 11 11 11 12 12 12 13 13 14 14 15 15

Run 3: bins=16, time=37.83s
Solution: 0 0 0 1 0 1 1 2 2 0 2 2 3 3 3 1 4 4 4 5 5 5 6 6 7 7 5 6 8 7 8 8 9 9 9 10 10 10 11 11 11 12 12 12 13 13 14 14 15 15

Run 4: bins=16, time=38.17s
Solution: 0 0 0 1 0 1 1 2 2 0 2 2 3 3 3 1 4 4 4 5 5 5 6 6 7 7 5 6 8 7 8 8 9 9 9 10 10 10 11 11 11 12 12 12 13 13 14 14 15 15

Run 5: bins=16, time=38.03s
Solution: 0 0 0 1 0 1 1 2 2 0 2 2 3 3 3 1 4 4 4 5 5 5 6 6 7 7 5 6 8 7 8 8 9 9 9 10 10 10 11 11 11 12 12 12 13 13 14 14 15 15

