Instance: CL_1_50_5.vbp
Runs: 5
Average bins: 16.0
Average time: 37.60s

Run 1: bins=16, time=37.45s
Solution: 0 0 0 0 0 1 1 1 1 1 2 2 2 1 3 3 2 3 3 4 4 4 5 5 5 6 6 6 7 7 7 8 8 8 9 9 9 10 10 10 11 11 11 12 12 13 13 14 14 15

Run 2: bins=16, time=37.96s
Solution: 0 0 0 0 0 1 1 1 1 1 2 2 2 1 3 3 2 3 3 4 4 4 5 5 5 6 6 6 7 7 7 8 8 8 9 9 9 10 10 10 11 11 11 12 12 13 13 14 14 15

Run 3: bins=16, time=37.63s
Solution: 0 0 0 0 0 1 1 1 1 1 2 2 2 1 3 3 2 3 3 4 4 4 5 5 5 6 6 6 7 7 7 8 8 8 9 9 9 10 10 10 11 11 11 12 12 13 13 14 14 15

Run 4: bins=16, time=37.44s
Solution: 0 0 0 0 0 1 1 1 1 1 2 2 2 1 3 3 2 3 3 4 4 4 5 5 5 6 6 6 7 7 7 8 8 8 9 9 9 10 10 10 11 11 11 12 12 13 13 14 14 15

Run 5: bins=16, time=37.54s
Solution: 0 0 0 0 0 1 1 1 1 1 2 2 2 1 3 3 2 3 3 4 4 4 5 5 5 6 6 6 7 7 7 8 8 8 9 9 9 10 10 10 11 11 11 12 12 13 13 14 14 15

