Instance: CL_1_50_8.vbp
Runs: 5
Average bins: 16.0
Average time: 37.48s

Run 1: bins=16, time=37.53s
Solution: 0 0 0 1 0 1 1 2 2 0 2 2 3 3 3 1 4 4 4 5 5 5 6 5 6 7 7 7 6 8 8 8 9 9 9 10 10 10 11 11 11 12 12 12 13 13 14 14 15 15

Run 2: bins=16, time=37.43s
Solution: 0 0 0 1 0 1 1 2 2 0 2 2 3 3 3 1 4 4 4 5 5 5 6 5 6 7 7 7 6 8 8 8 9 9 9 10 10 10 11 11 11 12 12 12 13 13 14 14 15 15

Run 3: bins=16, time=37.41s
Solution: 0 0 0 1 0 1 1 2 2 0 2 2 3 3 3 1 4 4 4 5 5 5 6 5 6 7 7 7 6 8 8 8 9 9 9 10 10 10 11 11 11 12 12 12 13 13 14 14 15 15

Run 4: bins=16, time=37.52s
Solution: 0 0 0 1 0 1 1 2 2 0 2 2 3 3 3 1 4 4 4 5 5 5 6 5 6 7 7 7 6 8 8 8 9 9 9 10 10 10 11 11 11 12 12 12 13 13 14 14 15 15

Run 5: bins=16, time=37.50s
Solution: 0 0 0 1 0 1 1 2 2 0 2 2 3 3 3 1 4 4 4 5 5 5 6 5 6 7 7 7 6 8 8 8 9 9 9 10 10 10 11 11 11 12 12 12 13 13 14 14 15 15

