Instance: CL_1_50_7.vbp
Runs: 5
Average bins: 16.0
Average time: 37.20s

Run 1: bins=16, time=37.03s
Solution: 0 0 0 0 0 0 1 1 1 1 1 2 2 2 3 2 3 3 3 4 4 4 5 5 5 6 6 6 7 7 7 8 8 8 9 9 9 10 10 10 11 11 12 12 13 13 14 14 15 15

Run 2: bins=16, time=37.10s
Solution: 0 0 0 0 0 0 1 1 1 1 1 2 2 2 3 2 3 3 3 4 4 4 5 5 5 6 6 6 7 7 7 8 8 8 9 9 9 10 10 10 11 11 12 12 13 13 14 14 15 15

Run 3: bins=16, time=37.06s
Solution: 0 0 0 0 0 0 1 1 1 1 1 2 2 2 3 2 3 3 3 4 4 4 5 5 5 6 6 6 7 7 7 8 8 8 9 9 9 10 10 10 11 11 12 12 13 13 14 14 15 15

Run 4: bins=16, time=37.25s
Solution: 0 0 0 0 0 0 1 1 1 1 1 2 2 2 3 2 3 3 3 4 4 4 5 5 5 6 6 6 7 7 7 8 8 8 9 9 9 10 10 10 11 11 12 12 13 13 14 14 15 15

Run 5: bins=16, time=37.56s
Solution: 0 0 0 0 0 0 1 1 1 1 1 2 2 2 3 2 3 3 3 4 4 4 5 5 5 6 6 6 7 7 7 8 8 8 9 9 9 10 10 10 11 11 12 12 13 13 14 14 15 15

