Instance: CL_1_50_10.vbp
Runs: 5
Average bins: 17.0
Average time: 38.36s

Run 1: bins=17, time=38.68s
Solution: 0 0 0 0 0 1 1 1 1 2 1 2 2 3 3 3 3 4 4 4 5 5 5 6 6 6 7 7 7 8 8 8 9 9 9 10 10 10 11 11 12 12 13 13 14 14 15 15 16 16

Run 2: bins=17, time=38.35s
Solution: 0 0 0 0 0 1 1 1 1 2 1 2 2 3 3 3 3 4 4 4 5 5 5 6 6 6 7 7 7 8 8 8 9 9 9 10 10 10 11 11 12 12 13 13 14 14 15 15 16 16

Run 3: bins=17, time=38.52s
Solution: 0 0 0 0 0 1 1 1 1 2 1 2 2 3 3 3 3 4 4 4 5 5 5 6 6 6 7 7 7 8 8 8 9 9 9 10 10 10 11 11 12 12 13 13 14 14 15 15 16 16

Run 4: bins=17, time=38.08s
Solution: 0 0 0 0 0 1 1 1 1 2 1 2 2 3 3 3 3 4 4 4 5 5 5 6 6 6 7 7 7 8 8 8 9 9 9 10 10 10 11 11 12 12 13 13 14 14 15 15 16 16

Run 5: bins=17, time=38.20s
Solution: 0 0 0 0 0 1 1 1 1 2 1 2 2 3 3 3 3 4 4 4 5 5 5 6 6 6 7 7 7 8 8 8 9 9 9 10 10 10 11 11 12 12 13 13 14 14 15 15 16 16

