Instance: CL_2_100.vbp
Runs: 5
Average bins: 98.0
Average time: 143.76s

Run 1: bins=98, time=142.93s
Solution: 0 1 2 3 4 5 6 7 8 9 10 11 12 13 14 15 16 17 18 19 20 21 22 23 24 25 26 27 28 29 30 31 32 33 34 35 36 37 38 39 40 41 42 43 44 45 46 47 48 49 50 51 52 53 54 55 56 57 58 59 60 61 62 63 26 64 65 66 67 68 69 70 71 72 73 74 75 76 77 78 79 80 81 82 19 83 84 85 86 87 88 89 90 91 92 93 94 95 96 97

Run 2: bins=98, time=144.00s
Solution: 0 1 2 3 4 5 6 7 8 9 10 11 12 13 14 15 16 17 18 19 20 21 22 23 24 25 26 27 28 29 30 31 32 33 34 35 36 37 38 39 40 41 42 43 44 45 46 47 48 49 50 51 52 53 54 55 56 57 58 59 60 61 62 63 26 64 65 66 67 68 69 70 71 72 73 74 75 76 77 78 79 80 81 82 19 83 84 85 86 87 88 89 90 91 92 93 94 95 96 97

Run 3: bins=98, time=143.96s
Solution: 0 1 2 3 4 5 6 7 8 9 10 11 12 13 14 15 16 17 18 19 20 21 22 23 24 25 26 27 28 29 30 31 32 33 34 35 36 37 38 39 40 41 42 43 44 45 46 47 48 49 50 51 52 53 54 55 56 57 58 59 60 61 62 63 26 64 65 66 67 68 69 70 71 72 73 74 75 76 77 78 79 80 81 82 19 83 84 85 86 87 88 89 90 91 92 93 94 95 96 97

Run 4: bins=98, time=144.18s
Solution: 0 1 2 3 4 5 6 7 8 9 10 11 12 13 14 15 16 17 18 19 20 21 22 23 24 25 26 27 28 29 30 31 32 33 34 35 36 37 38 39 40 41 42 43 44 45 46 47 48 49 50 51 52 53 54 55 56 57 58 59 60 61 62 63 26 64 65 66 67 68 69 70 71 72 73 74 75 76 77 78 79 80 81 82 19 83 84 85 86 87 88 89 90 91 92 93 94 95 96 97

Run 5: bins=98, time=143.72s
Solution: 0 1 2 3 4 5 6 7 8 9 10 11 12 13 14 15 16 17 18 19 20 21 22 23 24 25 26 27 28 29 30 31 32 33 34 35 36 37 38 39 40 41 42 43 44 45 46 47 48 49 50 51 52 53 54 55 56 57 58 59 60 61 62 63 26 64 65 66 67 68 69 70 71 72 73 74 75 76 77 78 79 80 81 82 19 83 84 85 86 87 88 89 90 91 92 93 94 95 96 97

