Instance: CL_2_50.vbp
Runs: 5
Average bins: 48.0
Average time: 61.36s

Run 1: bins=48, time=61.24s
Solution: 0 1 2 3 4 5 6 7 8 9 10 11 12 13 14 15 16 17 17 18 18 19 20 21 22 23 24 25 26 27 28 29 30 31 32 33 34 35 36 37 38 39 40 41 42 43 44 45 46 47

Run 2: bins=48, time=61.01s
Solution: 0 1 2 3 4 5 6 7 8 9 10 11 12 13 14 15 16 17 17 18 18 19 20 21 22 23 24 25 26 27 28 29 30 31 32 33 34 35 36 37 38 39 40 41 42 43 44 45 46 47

Run 3: bins=48, time=61.66s
Solution: 0 1 2 3 4 5 6 7 8 9 10 11 12 13 14 15 16 17 17 18 18 19 20 21 22 23 24 25 26 27 28 29 30 31 32 33 34 35 36 37 38 39 40 41 42 43 44 45 46 47

Run 4: bins=48, time=61.59s
Solution: 0 1 2 3 4 5 6 7 8 9 10 11 12 13 14 15 16 17 17 18 18 19 20 21 22 23 24 25 26 27 28 29 30 31 32 33 34 35 36 37 38 39 40 41 42 43 44 45 46 47

Run 5: bins=48, time=61.29s
Solution: 0 1 2 3 4 5 6 7 8 9 10 11 12 13 14 15 16 17 17 18 18 19 20 21 22 23 24 25 26 27 28 29 30 31 32 33 34 35 36 37 38 39 40 41 42 43 44 45 46 47

